<svg
          width="345"
          height="320"
          viewBox="0 0 345 320"
          fill="none"
          xmlns="http://www.w3.org/2000/svg"
          className="w-full h-auto"
        >
          <path
            d="M209.019 261.088L175.019 223.088L147.019 255.588L142.519 255.088C142.519 255.088 138.542 254.237 136.019 253.588C132.07 252.571 129.825 252.049 126.019 250.588C122.186 249.116 120.155 247.993 116.519 246.088L116.422 246.037C112.685 244.079 110.547 242.958 107.019 240.588C103.323 238.104 101.344 236.549 98.0187 233.588C95.1317 231.016 93.694 229.378 91.0187 226.588C88.6281 224.094 87.1523 222.805 85.0187 220.088C82.0402 216.295 80.8912 213.786 78.5187 209.588C75.5116 204.266 73.7253 201.288 71.5187 195.588C69.1076 189.359 68.0742 185.683 67.0187 179.088C66.214 174.06 66.1415 171.178 66.0187 166.088C65.882 160.423 65.7603 157.203 66.5187 151.588C67.2799 145.952 68.2521 142.805 69.8973 137.481L70.0187 137.088C71.3676 132.72 72.2377 130.297 74.0187 126.088C75.2781 123.111 76.027 121.455 77.5187 118.588C79.6206 114.547 80.8859 112.304 83.5187 108.588C86.9592 103.731 89.3115 101.297 93.5187 97.0876C95.9608 94.6442 97.3593 93.2925 100.019 91.0876C103.356 88.3204 105.447 87.0455 109.019 84.5876C111.339 82.9911 112.587 82.0083 115.019 80.5876C118.563 78.5167 120.75 77.7141 124.519 76.0876C127.415 74.8378 129.025 74.0829 132.019 73.0876C135.839 71.8176 138.083 71.4333 142.019 70.5876C145.126 69.9199 146.868 69.5058 150.019 69.0876C155.829 68.3166 159.158 68.5116 165.019 68.5876C171.279 68.6688 174.863 68.4481 181.019 69.5876C184.185 70.1738 185.939 70.6466 189.019 71.5876C191.795 72.4359 196.019 74.0876 196.019 74.0876L201.519 76.0876L207.019 79.0876L213.019 82.0876C213.019 82.0876 215.485 83.5668 217.019 84.5876C219.229 86.0594 220.42 86.9604 222.519 88.5876C224.929 90.4565 226.267 91.5306 228.519 93.5876C230.762 95.6362 234.019 99.0876 234.019 99.0876C234.019 99.0876 236.53 101.768 238.019 103.588C240.591 106.733 241.662 108.777 244.019 112.088C244.993 113.456 246.519 115.588 246.519 115.588L291.519 61.5876C291.519 61.5876 286.745 56.009 283.519 52.5876C280.298 49.1722 278.453 47.2878 275.019 44.0876C271.981 41.2577 270.249 39.6951 267.019 37.0876C263.433 34.1931 261.316 32.6986 257.519 30.0876C254.261 27.8475 252.384 26.6634 249.019 24.5876C245.741 22.5657 243.881 21.4647 240.519 19.5876L240.188 19.4029C236.731 17.4731 234.689 16.3332 231.019 14.5876C226.434 12.4072 223.8 11.2958 219.019 9.58763C214.598 8.00808 212.036 7.36328 207.519 6.08763C203.052 4.82641 200.567 4.01286 196.019 3.08763C192.338 2.3389 190.246 2.05212 186.519 1.58763C181.852 1.00609 179.213 0.873614 174.519 0.587632C168.084 0.195586 164.46 -0.173648 158.019 0.0876323C152.331 0.318362 149.151 0.756431 143.519 1.58763C139.199 2.22513 136.788 2.67416 132.519 3.58763C127.795 4.59825 125.174 5.297 120.519 6.58763C115.4 8.00683 112.475 8.67698 107.519 10.5876C103.93 11.9711 102.018 12.9905 98.5187 14.5876C95.5784 15.9298 93.9033 16.6295 91.0187 18.0876C87.4304 19.9015 85.4907 21.06 82.0187 23.0876C77.8542 25.5196 71.5187 29.5876 71.5187 29.5876C71.5187 29.5876 64.3392 34.5491 60.0187 38.0876C55.7406 41.5914 53.4374 43.6861 49.5187 47.5876C44.52 52.5645 41.9846 55.6276 37.5187 61.0876C33.6369 65.8337 31.5216 68.5554 28.0187 73.5876C25.3577 77.4104 23.8759 79.5704 21.5187 83.5876C18.9551 87.9566 17.7154 90.5232 15.5187 95.0876C13.2059 99.8932 11.8287 102.571 10.0187 107.588C8.362 112.179 7.81868 114.882 6.5187 119.588C5.0683 124.837 4.07716 127.745 3.0187 133.088C1.87019 138.885 1.59593 142.206 1.0187 148.088C0.369125 154.706 -0.101108 158.438 0.0186994 165.088C0.110429 170.179 0.364839 173.038 1.0187 178.088C1.47626 181.621 1.90089 183.578 2.5187 187.088C2.89722 189.238 3.09879 190.445 3.5187 192.588C4.05644 195.331 4.34217 196.875 5.0187 199.588C5.6903 202.281 6.15817 203.798 6.95945 206.396L7.0187 206.588C7.92851 209.538 8.45769 211.188 9.5187 214.088C10.6028 217.05 11.3132 218.672 12.5187 221.588C14.3901 226.113 15.4946 228.628 17.5187 233.088C18.8546 236.031 19.5307 237.718 21.0187 240.588C22.4682 243.383 23.3686 244.906 25.0187 247.588C26.8636 250.586 27.9801 252.218 30.0187 255.088C32.4387 258.494 33.819 260.398 36.5187 263.588C39.2853 266.856 41.0107 268.54 44.0187 271.588C47.8023 275.422 49.9925 277.509 54.0187 281.088C61.0849 287.368 65.0589 290.987 73.0187 296.088C77.9764 299.264 80.9925 300.791 86.1401 303.396L86.5187 303.588C90.1814 305.442 92.2512 306.457 96.0187 308.088C102.878 311.056 106.827 312.553 114.019 314.588C123.194 317.184 128.52 318.241 138.019 319.088C146.771 319.867 160.519 319.088 160.519 319.088L209.019 261.088Z"
            fill="#0B0B0C"
          />
          <path
            d="M300.5 72.0879L183 211.088L271.5 312.588H344.5L251.5 209.588L326.5 119.588L300.5 72.0879Z"
            fill="#FE6903"
          />
        </svg>